0.0
118.0
120.0
125.0
128.0
132.0
135.0
135.0
135.0
132.0
131.0
125.0
117.0
106.0
98.0
89.0
83.0
77.0
71.0
68.0
67.0
65.0
63.0
62.0
59.0
60.0
61.0
63.0
63.0
64.0
64.0
67.0
67.0
71.0
74.0
76.0
81.0
86.0
91.0
96.0
100.0
109.0
119.0
127.0
129.0
132.0
133.0
134.0
134.0
133.0
130.0
126.0
120.0
110.0
101.0
93.0
84.0
78.0
73.0
71.0
68.0
67.0
65.0
64.0
63.0
63.0
63.0
64.0
66.0
67.0
68.0
70.0
74.0
77.0
81.0
87.0
93.0
101.0
107.0
110.0
117.0
121.0
128.0
131.0
134.0
135.0
135.0
134.0
133.0
130.0
126.0
120.0
114.0
107.0
97.0
90.0
84.0
79.0
76.0
71.0
68.0
65.0
63.0
60.0
59.0
60.0
62.0
64.0
65.0
66.0
68.0
67.0
67.0
71.0
75.0
78.0
82.0
88.0
96.0
103.0
109.0
114.0
118.0
123.0
126.0
128.0
129.0
128.0
126.0
123.0
123.0
116.0
108.0
99.0
92.0
86.0
81.0
75.0
70.0
67.0
65.0
65.0
66.0
66.0
66.0
66.0
67.0
68.0
68.0
67.0
68.0
69.0
72.0
73.0
77.0
81.0
86.0
95.0
103.0
113.0
