0.0
166.0
165.0
164.0
163.0
166.0
161.0
165.0
167.0
164.0
162.0
158.0
150.0
147.0
142.0
136.0
138.0
145.0
143.0
144.0
152.0
160.0
169.0
177.0
179.0
178.0
175.0
173.0
170.0
169.0
171.0
174.0
174.0
175.0
177.0
178.0
179.0
178.0
178.0
178.0
177.0
177.0
177.0
177.0
177.0
177.0
177.0
177.0
177.0
177.0
177.0
178.0
178.0
179.0
179.0
180.0
178.0
179.0
178.0
177.0
175.0
174.0
172.0
169.0
168.0
167.0
167.0
168.0
165.0
166.0
165.0
166.0
167.0
167.0
165.0
163.0
160.0
154.0
143.0
127.0
110.0
94.0
82.0
73.0
64.0
54.0
48.0
39.0
36.0
33.0
33.0
33.0
37.0
40.0
42.0
43.0
48.0
55.0
65.0
74.0
81.0
91.0
104.0
119.0
133.0
144.0
152.0
160.0
166.0
172.0
173.0
172.0
172.0
172.0
172.0
172.0
172.0
172.0
171.0
170.0
170.0
169.0
169.0
169.0
169.0
169.0
169.0
169.0
170.0
170.0
170.0
170.0
169.0
167.0
164.0
161.0
158.0
155.0
150.0
145.0
135.0
127.0
125.0
123.0
119.0
114.0
111.0
105.0
98.0
93.0
89.0
88.0
87.0
86.0
83.0
81.0
80.0
79.0
78.0
78.0
79.0
78.0
79.0
83.0
86.0
91.0
99.0
105.0
111.0
115.0
120.0
127.0
132.0
140.0
145.0
153.0
156.0
162.0
167.0
166.0
167.0
168.0
170.0
170.0
172.0
172.0
173.0
174.0
175.0
175.0
176.0
177.0
177.0
178.0
179.0
177.0
177.0
176.0
176.0
176.0
174.0
174.0
173.0
173.0
171.0
170.0
168.0
164.0
158.0
152.0
149.0
150.0
155.0
159.0
161.0
160.0
159.0
160.0
161.0
160.0
162.0
162.0
163.0
163.0
162.0
159.0
156.0
146.0
125.0
111.0
93.0
78.0
67.0
58.0
50.0
47.0
45.0
44.0
45.0
46.0
47.0
49.0
52.0
55.0
56.0
61.0
67.0
78.0
81.0
89.0
99.0
108.0
118.0
126.0
138.0
145.0
152.0
160.0
166.0
169.0
172.0
172.0
172.0
171.0
171.0
171.0
168.0
163.0
161.0
161.0
159.0
161.0
162.0
156.0
159.0
159.0
158.0
158.0
159.0
159.0
159.0
159.0
162.0
163.0
164.0
161.0
160.0
160.0
160.0
160.0
161.0
167.0
170.0
169.0
168.0
168.0
165.0
166.0
167.0
167.0
165.0
166.0
169.0
174.0
179.0
174.0
174.0
156.0
37.0
140.0
