0.0
80.0
82.0
84.0
83.0
82.0
77.0
73.0
68.0
68.0
69.0
63.0
60.0
57.0
55.0
56.0
54.0
54.0
56.0
54.0
54.0
52.0
53.0
53.0
52.0
54.0
52.0
52.0
52.0
53.0
63.0
63.0
63.0
66.0
72.0
73.0
73.0
72.0
72.0
73.0
76.0
75.0
75.0
72.0
74.0
74.0
74.0
73.0
71.0
72.0
73.0
74.0
74.0
75.0
74.0
75.0
77.0
78.0
75.0
72.0
72.0
71.0
69.0
66.0
64.0
60.0
59.0
59.0
58.0
57.0
58.0
59.0
61.0
61.0
60.0
63.0
61.0
64.0
63.0
63.0
63.0
62.0
63.0
63.0
67.0
67.0
71.0
76.0
78.0
80.0
80.0
83.0
83.0
85.0
88.0
87.0
87.0
86.0
85.0
82.0
80.0
80.0
76.0
75.0
76.0
78.0
79.0
79.0
79.0
78.0
78.0
79.0
80.0
77.0
74.0
77.0
78.0
72.0
69.0
67.0
66.0
64.0
61.0
55.0
53.0
57.0
58.0
60.0
60.0
58.0
60.0
63.0
60.0
59.0
61.0
62.0
59.0
60.0
64.0
68.0
70.0
71.0
77.0
80.0
78.0
79.0
78.0
81.0
84.0
87.0
85.0
84.0
85.0
86.0
85.0
84.0
80.0
79.0
77.0
76.0
78.0
79.0
78.0
78.0
79.0
80.0
80.0
81.0
81.0
78.0
74.0
72.0
76.0
76.0
72.0
69.0
69.0
68.0
67.0
64.0
63.0
62.0
60.0
61.0
61.0
61.0
64.0
66.0
63.0
62.0
63.0
64.0
64.0
63.0
65.0
65.0
70.0
75.0
77.0
75.0
76.0
77.0
77.0
77.0
80.0
81.0
81.0
82.0
81.0
80.0
80.0
76.0
76.0
77.0
77.0
76.0
76.0
76.0
76.0
76.0
75.0
78.0
78.0
82.0
79.0
77.0
76.0
77.0
78.0
80.0
75.0
71.0
69.0
67.0
64.0
62.0
60.0
58.0
59.0
60.0
60.0
65.0
65.0
64.0
62.0
61.0
60.0
60.0
61.0
61.0
61.0
62.0
64.0
68.0
72.0
67.0
66.0
63.0
62.0
65.0
64.0
70.0
69.0
70.0
73.0
68.0
68.0
67.0
69.0
68.0
67.0
68.0
69.0
70.0
70.0
70.0
71.0
73.0
75.0
81.0
81.0
